8.902553502043442091e-01 7.193530285868554586e-03 4.722861935711917702e+00
5.187697179813973714e-01 6.626770873501095505e-01 2.117691187792796192e+00
6.324427967744761236e-01 4.150316424384996594e-01 2.702997323313629963e+00
5.340072258966490626e-01 7.297102861553304010e-01 2.848763845110981130e+00
7.562907835710708238e-02 3.484983252202819015e-01 5.146583752179294535e-01
6.459029351260444640e-01 1.788244889218169043e-01 2.483893007426155375e+00
1.388942812241027447e-01 7.757611799635943939e-01 8.890859526034898819e-01
5.376807862498653723e-01 6.867758089571460722e-01 2.784178074435446071e+00
7.935116785508896653e-01 4.153415179689987635e-01 4.285964429548942967e+00
1.253406552553094633e-01 6.240312870134454570e-01 7.336055984814593423e-01
2.151430327831104217e-01 8.613651676712985594e-01 7.756012896092056019e-01
5.991670323278381893e-01 2.579790094794917055e-01 2.761184029097501380e+00
6.977054736867238649e-02 7.383416443956168917e-01 7.741753201883817548e-01
9.587867685558741915e-01 2.751722383328303323e-02 4.905116787264796940e+00
2.817130961862280847e-01 3.875394124534615736e-01 1.252643285526846562e+00
7.237968908416224645e-01 3.861207672558994997e-01 3.225284852878170128e+00
2.583450592711957761e-01 3.719396745654124370e-01 1.656527019070396234e+00
8.765418000733125048e-01 2.969654372399725961e-01 4.737000161453560843e+00
2.530576672013497008e-01 2.907461634243216908e-01 8.456199138660842607e-01
8.104234330079270743e-01 2.912753898366352567e-01 3.560448387613745158e+00
3.132662218424453471e-01 8.104371841944167931e-01 2.379701935140821067e+00
5.658656150123088091e-01 3.817405960024843337e-01 2.783999692048556795e+00
9.320637820750818925e-01 2.055182814725818874e-01 4.620336288127786517e+00
6.968573654044996069e-01 2.551101782246331107e-01 3.703069846077785332e+00
5.708332849426074329e-01 1.685198486129718676e-01 2.654030427193004638e+00
3.705122845651063201e-01 9.348592942833078290e-02 1.297476213773902654e+00
7.970337772561465473e-01 9.127383875190620000e-02 4.005564186422864381e+00
4.620883032895647391e-01 7.090573460005439310e-01 1.811161547965992380e+00
1.606139397731517482e-01 6.657830134602090721e-01 1.103191166302748938e+00
1.500945265064396184e-01 3.770079899236062904e-01 1.175213496736928320e+00
1.879123817299752641e-01 3.239600575201229127e-03 1.281344024824248251e+00
9.413500161180935466e-01 5.335380202142231409e-01 5.062085445358230906e+00
5.461756304730255307e-01 8.901292332727767098e-01 3.493524911885176554e+00
8.081365858242761657e-01 8.100848584189198620e-01 4.117091361112418468e+00
3.625810857166555934e-02 4.741567524987179150e-01 3.201028028192264840e-01
1.739556227654529552e-01 7.803527316212930387e-01 6.499576998325453658e-01
9.118433002076955507e-01 6.407675739336321508e-01 5.042263269352003086e+00
9.998784077161502193e-01 7.483976874124339540e-01 5.558845672463395005e+00
1.406330017950156996e-01 8.131089126127777345e-01 8.529366417981125714e-01
7.427175211937184773e-01 1.786391147649002420e-04 4.025158756424569440e+00
8.071400872932689152e-01 3.301877988765022920e-01 4.274905913060541351e+00
6.132877578731208423e-01 1.388406393319641108e-02 3.188711023622514684e+00
5.057427384266398596e-01 8.405641769019488452e-01 2.349412155304785976e+00
2.031797303967974866e-02 4.719344647695818962e-01 3.813620389379724918e-01
4.736517272410867285e-02 1.534027798909988194e-01 3.593867733048692337e-01
4.776335617360186747e-01 4.987151799687639109e-02 1.830409779965475714e+00
1.976771659235542211e-01 8.102491563458151802e-01 1.465082449387908214e+00
8.945277437407285204e-01 5.392442740263292400e-03 3.947977295918374985e+00
8.287561257675116755e-01 9.743429561462796373e-01 4.534874261370233306e+00
1.688380953731634104e-01 4.118891207022779000e-02 1.279418479007899734e+00
1.448747667435124065e-02 8.478624793678177785e-01 1.227845464298549794e-01
7.742161855443102647e-01 4.517992793261232931e-01 3.799220840937802990e+00
6.114291464929603181e-01 7.721238794474678535e-01 2.582738843687039321e+00
5.332141338542684128e-02 1.811323490623216736e-01 -5.532764692228755443e-01
9.408886628973710531e-01 1.556565907796476633e-01 4.862013173368588959e+00
1.867209140598263817e-01 1.414268718940004943e-01 5.030266519738164632e-01
4.213143040736690992e-01 8.981987503649613291e-01 2.185246694783867127e+00
9.078690166323477584e-01 2.985901095637112368e-01 4.347341964190630570e+00
6.110259216367625035e-01 2.740891329508408081e-01 3.112286516279270110e+00
2.864246944057999844e-01 4.440232541035162850e-01 1.501611354202824433e+00
7.976000361064515820e-01 9.521214723407201985e-01 4.676176245403160792e+00
9.395323120171954479e-01 3.682769163024779413e-01 3.837826959829171436e+00
4.915802305852885468e-01 1.325592992176947149e-01 3.045887408887914205e+00
6.912135045495396701e-01 9.095021180520060922e-01 3.901784361171318771e+00
8.365021221710774446e-01 2.330423758527274680e-01 4.692752544016114413e+00
8.994373430431622518e-01 5.579966443853318081e-01 4.651076766571110355e+00
8.840047829869890350e-01 7.946302924232317988e-02 4.495470865914159120e+00
4.870030547843984259e-02 1.130417536936701994e-01 -1.979842822663985258e-01
2.566144231215066185e-01 8.004514469172895330e-01 1.846141508114071073e+00
2.939425243328720461e-01 5.546059304307632276e-01 1.672088188764273786e+00
3.887721728600385118e-01 3.277396764886075786e-01 1.622788204200148465e+00
2.765333636294917685e-01 9.149313567016718052e-01 1.274653239072587319e+00
5.173775106636566701e-01 4.149392656687573844e-01 2.246544924727742032e+00
9.891094556265209725e-01 6.923113664898092878e-01 4.836418038491469673e+00
3.981472653836684028e-01 4.207151626684387802e-01 2.622178491653474275e+00
8.827783903913843933e-02 5.398600383984650808e-01 5.854720332511057501e-01
8.695327093477914771e-01 9.037758084512063084e-01 4.217357887069312916e+00
9.261141014600784427e-01 8.648792135202629794e-01 4.362203110770590975e+00
9.612459417162249053e-01 7.050786237077200092e-02 4.819714013999864655e+00
2.175702969902234551e-01 5.383503237913629391e-01 6.422898183962644225e-01
1.141591865049933485e-01 3.067751231168288628e-01 9.708775886892598850e-01
9.272686854457729000e-01 7.215902803912347396e-01 4.912604569584945402e+00
5.142798403237214266e-02 1.323898218486864176e-01 -2.901656550987544714e-01
3.477567836222974496e-01 7.258162872275639721e-01 1.499258770144148878e+00
3.235652288022236034e-01 8.369419714161933088e-01 1.571424800555489609e+00
7.203814453323311717e-01 4.727506656800010143e-01 3.610536347843415150e+00
7.960667136507829644e-01 3.151108943578667665e-01 3.752957460338226969e+00
2.288503628882998520e-01 4.024954251467381949e-01 1.371885357377812920e+00
4.597628562196365287e-01 8.536134369011283418e-01 2.732575733060945478e+00
6.347368854302326557e-01 6.357899574546558297e-01 3.034337764857596209e+00
4.550391785745410145e-01 4.880784332075441823e-01 2.755172191061923570e+00
1.614857391711226331e-01 4.614475762528154057e-01 1.499379129535866273e+00
6.643461971390929310e-01 7.954073913580996802e-01 3.531564275970451749e+00
1.965089225797753691e-01 7.636878482296945991e-01 1.451592487989275648e+00
1.038971224149078942e-01 3.766159557047549233e-01 -1.836209249054253645e-01
8.677666738428043702e-01 7.301133471076725057e-01 5.089526743702606382e+00
2.111611745437268484e-01 6.009916007985899311e-01 1.282591111998210964e+00
8.165867355173265230e-01 8.691451449107020499e-01 4.150710836202859966e+00
3.541549885223922445e-01 4.126823205016850737e-01 1.746130910505607536e+00
2.682537411455077070e-01 5.898466928168949464e-01 1.688764412028580075e+00
8.679848596269212901e-01 5.608438559562867187e-01 3.835160975999336141e+00
5.776833370668147394e-01 2.731663343536713251e-01 2.505993440852065657e+00
8.138648125452317972e-01 3.718807175174709823e-02 4.028457616581778034e+00
2.282377830458008905e-01 8.730998562571533617e-01 1.516197472423553627e+00
3.461019532650697617e-01 5.821410153889622352e-01 1.004111206774395804e+00
3.783886586420059928e-01 8.135627697992697804e-01 2.115310715120200857e+00
8.534863514661925610e-01 4.892294575400191192e-03 4.447818431098251146e+00
6.481313117292060166e-01 3.244210515162255781e-01 3.658318972809582625e+00
4.068552360857179417e-01 1.308692143986797118e-01 1.909640133336931278e+00
3.470492019114007620e-01 3.248366399862634424e-02 1.229853411392451301e+00
1.803367765699718239e-01 1.822694920673567642e-01 8.396573726461289411e-01
5.827091441604549393e-01 9.670590760160453492e-01 2.859802087839336426e+00
8.866423412642148172e-01 5.889083209276405606e-01 4.575011256779902169e+00
4.625427554234465832e-01 2.062725334982733472e-01 2.831277898318763420e+00
7.681228254469802952e-01 3.103104106796082950e-01 4.387633281419768494e+00
2.526355891537099829e-01 7.617333331965988608e-01 1.114869422139043609e+00
7.603477278415293750e-01 4.241384240546804962e-01 3.749759653376115054e+00
6.203407641210935131e-01 7.137261472194282863e-01 3.845803566538283924e+00
5.460065626420126383e-01 6.961595933740327702e-02 2.607109568577683056e+00
2.002964571171567121e-01 9.836069085534716594e-01 9.439292093204048051e-01
4.111579845363828589e-01 4.942143050291614159e-04 2.014214453147192607e+00
5.645844948925443640e-01 3.598987404824569580e-01 3.443453989379621216e+00
9.792195162518624318e-01 7.976062421249713319e-01 4.888998610361928066e+00
3.919576698632000200e-01 8.298716087831260468e-01 2.368435603719456051e+00
8.273517898490360123e-01 8.978670536590080964e-01 4.394100575666468167e+00
7.946735660263274381e-01 6.215152458852629680e-01 3.747096732015856801e+00
5.961957851041439493e-01 2.461206941442136698e-01 3.374475969432942257e+00
2.859418838668200680e-01 4.253262462006508482e-01 1.236450630546637841e+00
9.284125059869496877e-02 1.023211363768292692e-01 8.078131097547296413e-01
9.942014694080807402e-01 4.401475622539808841e-01 4.478781628662761527e+00
9.660790698231932483e-01 2.157934563130896599e-01 5.139668619561629015e+00
1.819280091787371934e-01 2.450541968023522976e-02 3.235996722822381821e-01
6.228574615567123995e-01 3.175805215380118618e-01 3.061935718089351166e+00
4.106235935497739575e-01 9.932038108499299245e-01 1.527363224316587553e+00
8.241855016207615403e-01 6.723237130512089710e-01 4.292850669843126354e+00
4.942330091732183295e-02 9.734433703964097129e-01 8.522371467976199710e-01
7.928026671381125379e-01 5.377329766501475206e-01 4.269632283568844500e+00
4.019913504018723938e-01 6.641977194508473792e-01 2.015170053280050499e+00
6.727365172965377171e-01 9.472694398556646966e-01 3.377089737324597163e+00
8.471272616565498348e-01 5.881538977075595476e-01 4.392336826747588852e+00
9.953130974848735102e-01 5.148218292773272253e-01 5.277731189116402710e+00
6.172057967770711029e-01 5.483888340607580014e-01 3.115421823647429367e+00
7.667299866969052857e-01 9.708997836540530502e-01 4.815854014705881703e+00
8.781626806683332509e-01 6.634197225683624577e-02 5.365951496188033687e+00
4.294200428945138537e-02 6.696048344399376795e-01 -2.275716814686346567e-01
5.440453006410250758e-01 6.064316601914145899e-01 3.356510781321417003e+00
1.399761884378478705e-01 3.518806601919229893e-01 3.577695275566450395e-01
8.617267230190176486e-01 5.817745672790290978e-01 4.380852978567977729e+00
8.264449990414002301e-02 8.814671293110630801e-01 8.430203107240037408e-01
3.554315087585453448e-01 1.052810186720425367e-01 1.697177576687770806e+00
3.434478849249136267e-01 4.693421423115070601e-01 1.634727581041684141e+00
4.811747232410813480e-01 2.085887053917928613e-01 2.177694796147195966e+00
7.302922441145309751e-02 5.158455228807825588e-01 -5.309006260347731709e-02
3.658734359575759321e-01 9.328332684465587832e-01 2.523958506341843044e+00
3.657999960478349744e-01 4.081630405036833498e-01 2.111385140904039837e+00
6.443174387789217805e-01 5.491135794316760466e-01 3.366581180589497180e+00
9.523794802263382264e-01 1.383789433423351367e-01 4.929200293322493209e+00
4.546913387947764118e-01 9.715774690687235537e-01 1.675694272311694988e+00
9.968356156113117317e-01 4.849172172090066013e-02 5.499251190168591208e+00
1.080802422921062211e-01 8.101819144197683897e-01 5.936288997891117081e-01
9.968880256402596896e-01 6.114623789164482792e-01 5.284518758584743736e+00
5.632787639975594951e-01 9.298242639666138842e-01 3.107059073342421485e+00
9.929753879792999616e-01 8.277738257041842296e-01 5.322221163042863523e+00
2.017873440820810993e-01 3.930041059519143731e-01 1.662831985484818809e+00
9.988387775047696815e-01 6.406545347041754379e-01 5.024155855036609886e+00
7.928318114305882292e-01 9.562120145401467042e-01 3.880440662985864986e+00
8.491150745182682869e-01 3.159146326781765435e-01 4.153138632374417050e+00
2.538959571592438458e-01 9.152979260463364186e-01 1.425816156136774593e+00
1.593521171925258439e-01 7.912454811296263379e-01 6.645027624838938385e-01
4.687429644847865839e-01 6.169269754948423223e-01 2.318841373712335674e+00
5.917214079785239056e-01 4.910927510555839204e-01 2.613624254253550827e+00
5.159279263802796223e-01 5.365655117605450108e-02 2.356555547714634269e+00
6.591863970099155479e-01 6.717663880576866253e-01 3.565002125565192248e+00
2.353643520705253067e-01 6.117795523900337873e-02 1.053403399203287849e+00
9.050467773061064980e-01 5.916260158603710018e-01 5.032003229394669930e+00
5.130829149189519711e-01 7.054695271858724137e-01 3.023972070674382895e+00
5.946913876118109510e-01 6.759359176617056875e-01 3.668847014476045221e+00
6.245089498291649388e-01 5.991354645614580532e-01 3.174217498078534483e+00
9.175513731195615863e-01 2.008496049192866062e-01 4.481042734737560096e+00
2.627023761581419592e-01 6.756838359786891957e-01 1.962880687582638339e+00
4.080917878138698995e-01 3.550958257571504850e-01 1.773222645699008559e+00
6.761975173333450995e-01 7.035843745311997077e-01 3.646215505941157176e+00
1.213245902031894197e-01 8.304395741316301649e-01 1.428499551425091774e+00
4.429739754493243753e-01 6.792941621952564013e-01 1.740577045825967062e+00
8.086469038977305290e-01 2.632471450436880689e-01 3.600809383061207125e+00
6.793637147200348725e-01 8.130003247485133588e-01 3.578466665421228932e+00
3.278330562730565889e-01 3.053195962968354715e-01 2.017123323688825742e+00
5.601724056241701444e-01 9.502574964657128920e-01 3.787256636353711237e+00
2.812221250012958418e-01 6.256619352802152978e-01 1.354117263602656385e+00
4.591503551836220165e-01 6.994040558540611796e-01 2.611546123315748424e+00
1.741841616904893364e-02 1.994594239735637542e-01 2.180155993493790301e-03
7.947968108101745033e-01 5.809813800307277454e-01 4.108806760165046867e+00
6.951791123019658292e-01 7.531792040448515024e-03 3.524650861968446680e+00
8.555011297950287918e-01 6.592057432749437451e-01 4.132370780325799409e+00
8.561582747701000917e-01 3.718286774329542244e-01 4.512464374466206962e+00
2.654009300233250990e-01 5.850267012824045265e-01 1.276558037832541403e+00
2.768625995117022232e-01 3.081426789498873386e-01 1.187842454855385643e+00
3.941124620889586705e-01 7.509965570437445725e-01 2.507479506634473054e+00
6.713386114230961432e-01 7.578530303471531226e-02 3.568353984972153725e+00
7.560506967163682646e-01 1.024499151114731665e-01 3.723865621757185274e+00
1.806270859597414180e-02 7.109895257280992587e-01 -3.821610113221962646e-03
5.304541601357893876e-01 5.440232983860595617e-01 2.372159670668812836e+00
4.083183069007400023e-01 8.747853423214335677e-02 1.282918692687436302e+00
1.106452590284701110e-01 1.071864798143432607e-01 3.860397439482302628e-01
1.177711726368863010e-01 9.525478610767630361e-01 7.523116950455114305e-01
7.032665632909994580e-01 2.710214934413025523e-01 3.381370525555345452e+00
1.010749651379918568e-01 3.332479537340378162e-01 9.455254057624443709e-01
1.063975870085455133e-01 6.182755188765054477e-02 4.008501639690126295e-01
1.496747909510319774e-01 1.796009792503032720e-01 9.225866852352979652e-01
7.127826032464666950e-01 2.014182235583916736e-03 3.551616246980145775e+00
1.120445926250559499e-01 7.697964015004733485e-01 4.989883878130709216e-01
3.480537144688354845e-01 6.064120155352608066e-01 1.700370020689161432e+00
5.903050320993662448e-01 5.874799979352398616e-01 3.397164990386770889e+00
2.999418794752777284e-01 4.745115611223454932e-01 9.544355780523869903e-01
8.161672816912131090e-01 2.376170388099575481e-01 4.245337357280297930e+00
7.841150676575880940e-01 4.246443328555549179e-02 3.544431586715989013e+00
1.888468662989832847e-01 1.588353013347186815e-01 1.355757381154146790e+00
7.833663614903485506e-02 4.261665732398400852e-02 6.109301450525963517e-01
9.026481770631714641e-01 3.076573390407671971e-01 4.432786615971243016e+00
2.670964823025856472e-02 4.677940032664674730e-01 -3.801484706112182033e-02
9.314633957246650775e-01 6.983712531909573862e-01 4.951670684342587947e+00
5.325406900292606327e-02 3.723933969945265599e-01 4.343157639521054714e-01
7.344499009926139799e-01 6.992355376368768471e-01 3.846558295644644687e+00
2.695096457961408953e-01 5.117833729099821038e-01 8.956853997660404465e-01
1.107737426657140478e-02 7.820856802133314689e-01 3.419652185585412285e-01
1.266328546384232201e-02 9.737762952534544381e-01 3.208850087732688650e-01
9.742103929520157246e-01 2.465152312553294811e-01 4.908928922838748932e+00
9.431512191776294518e-01 5.445640124298737339e-01 4.371405740503699455e+00
4.685842404870689260e-01 1.940286296095491414e-01 2.960018317863545967e+00
4.069078704231012811e-01 4.086612490605914250e-01 1.997713291886546783e+00
8.203293619248421820e-01 4.842311857959981092e-01 4.288152129869915896e+00
1.655870282244578107e-01 9.263402953726815880e-01 -1.371848231998213929e-01
8.051375479173161764e-01 5.648739416463132157e-01 3.871323705867104614e+00
4.958101601140715298e-01 4.550976109219856403e-01 2.342683755862304817e+00
3.022921738409011239e-01 5.850906911661442056e-01 1.733913846286263771e+00
8.261508186840310630e-01 5.673235742902436041e-01 4.102463670415864350e+00
5.050822352032021678e-01 1.688141234528890422e-01 1.991936616609028654e+00
2.515172464477288816e-01 1.681478490960512939e-01 1.121911802395029190e+00
5.263810435223783557e-01 8.514030391672555709e-02 2.511142190287897868e+00
7.740604474300135651e-01 1.710906378902935510e-01 4.069337549008531063e+00
8.136210720851223543e-01 4.886343242359501016e-01 4.212500435358648154e+00
4.661160735365488250e-01 7.058440886560580774e-01 3.037085615343088296e+00
4.242240344439670574e-01 4.237200424056742909e-01 3.328482059929308789e+00
9.716365604834359404e-01 1.390851225906999389e-01 5.150097438849347675e+00
1.118418607702701406e-01 8.254801758072631834e-01 7.667690156887928543e-01
9.040859471999541652e-01 4.915470453646719751e-01 4.760751852537422835e+00
2.424823162795021192e-01 5.742061383399259533e-01 1.319183405974152956e+00
3.543391246477066714e-01 6.755905890131740366e-01 1.704998683481461441e+00
2.135852723294864308e-01 8.904816047166850268e-01 1.442281712505609992e+00
1.903698799876129000e-01 4.516535191118928871e-01 9.761455706688600964e-01
3.530153476827597725e-01 5.250488936431743081e-01 1.430971316469179744e+00
4.277753743395051877e-01 4.628648328438786930e-01 1.878709286548413626e+00
5.369675195416835356e-01 2.580986218837634238e-01 2.600615011120702480e+00
2.546915474505969668e-01 7.775789294357958736e-01 9.063075077892018827e-01
8.729387250977393986e-01 8.663100694350281961e-01 4.798971238209840173e+00
9.117683396985862831e-01 3.159908020608167556e-01 3.706562475407189527e+00
7.745796600423543454e-01 4.953520921860106174e-01 3.876554941068059978e+00
4.177153720805908410e-01 7.170787294717717586e-02 2.269550443272649431e+00
9.397554111882033823e-01 2.314113511233855114e-01 4.868031352435417958e+00
6.978906283403238930e-01 6.027190710947856189e-01 3.272065933823683714e+00
9.867946174870922960e-01 7.554518113060578743e-01 5.158494636624732621e+00
3.959843884024971672e-02 3.616724225907808066e-01 6.469027443911796738e-01
9.578756271735796579e-01 3.539823400375810003e-01 5.485371760677108632e+00
6.152670093561325437e-01 5.115356310380463345e-01 2.754818503780777306e+00
9.810151687727044489e-01 8.692210052251059249e-02 4.284886585260795577e+00
2.830662491111537449e-01 7.957951723069504046e-01 1.680928689766612472e+00
6.034150706678950149e-01 4.126116473219870739e-01 3.784414542578703244e+00
5.779951770432674163e-01 6.716316996626865432e-01 3.334913580380273856e+00
6.201337006852551959e-01 4.488529673797322372e-01 3.347552394360280736e+00
3.476405497810753920e-01 5.062354840316863891e-01 1.983774287074308029e+00
7.921736986669751790e-01 2.884214658967099165e-02 4.243078657594337777e+00
1.943616200067197486e-01 4.807304187292147368e-01 1.571193852163393245e+00
8.452039072298875855e-01 9.667501309157785494e-01 5.063179028495235379e+00
9.935088542838369507e-01 8.305038283104202446e-01 5.408675447077476939e+00
7.490785446071297482e-01 9.481095336535100282e-01 4.147884154780753008e+00
9.325198926247071363e-01 4.952448235763340367e-02 4.747077465701705634e+00
6.681437517817250260e-01 9.327321958943725067e-01 3.118946774472070693e+00
9.738751147927149354e-02 2.117023718252546427e-01 -2.727828504450833247e-01
3.401885988134277783e-01 7.137427129138051995e-01 1.141184534163143027e+00
9.112289752867522852e-01 9.614208039275407014e-01 5.660917284666649785e+00
1.703223790937545834e-01 3.280258260817743299e-01 7.837825596359903058e-01
3.908042827512103745e-02 9.518434040550575181e-01 3.677968104146689399e-02
3.039489810078243037e-01 5.120114777313169441e-01 9.805833554165650501e-01
6.380574901082720629e-01 4.867615974021388681e-01 3.109859668341811378e+00
6.342403097055698824e-01 7.546286985064016850e-01 3.397502497295331381e+00
5.638698020701464753e-01 8.923442495380846662e-01 2.369266542220243910e+00
3.575636917065314613e-01 1.547211110349390184e-01 1.292296987015075782e+00
6.303122673573039458e-01 3.083555354371561030e-01 2.616369001864625954e+00
5.210461831411086209e-01 6.749954577903509723e-01 1.975368681996582998e+00
5.942703722928894816e-01 4.871116855642279031e-01 3.718527256418860283e+00
3.533922613993187856e-01 8.017186938272113927e-01 2.050415758601479066e+00
7.949563516492000881e-01 7.569940514803505938e-01 4.381287648780601174e+00
8.501907066323004525e-01 7.393984740440502357e-01 4.919093916773214836e+00
9.200298009768502761e-01 9.938852717343175103e-01 4.259044777638105295e+00
8.644560207454676792e-01 9.975330340514554361e-01 4.682193981225292845e+00
1.088519527208741122e-01 1.963812665577030492e-01 1.070733100207510891e+00
4.556158466394802931e-01 4.899313216767148260e-01 2.769691407307627529e+00
2.974315517605302661e-01 8.173500794692589722e-01 1.735941272044910555e+00
2.396113243268572779e-01 3.906404844484276939e-01 1.406972990200790807e+00
8.100658765102481951e-01 2.648888092432173380e-01 4.658400777557799799e+00
4.277788414474006373e-01 4.022644362132115070e-01 2.772478440852416792e+00
5.822175634400963418e-01 8.206669741395847817e-01 3.404000987263741784e+00
7.125901857884929802e-01 5.928688878268014717e-01 2.746991602948760658e+00
2.979836332894291173e-01 3.986253846989663563e-01 1.703858007849015976e+00
7.997698902784957653e-01 4.059258984225663225e-01 3.534310292757433025e+00
4.522283778821561961e-01 8.710208434442369141e-01 3.019092050051808584e+00
7.581376719297696631e-01 8.220998888792908632e-01 4.418695479960300432e+00
1.972428942832202825e-01 1.154221742223087155e-01 8.425430296432390165e-01
6.223627999722493032e-01 7.314930526686147516e-02 2.314344759304361787e+00
5.808300754248821862e-01 6.781466720147005800e-01 2.602975187488947739e+00
9.576552439612673329e-02 9.928949432726992264e-01 5.030806356841338589e-01
4.100191968015015620e-01 1.766477706761815369e-02 2.199085868051550374e+00
2.892753633894417087e-01 5.249937301651120825e-01 1.510928050123241828e+00
5.480326803984194584e-01 6.765224924869054357e-01 2.256073738015950347e+00
4.653862840236095977e-01 1.475417366536124764e-01 1.938120603143478560e+00
1.481108453258558333e-01 4.675039260192945800e-01 1.311026471697977147e+00
1.299439650181278827e-01 1.994133519847534064e-01 5.454775900606607664e-01
1.106819435806695173e-01 7.764336624926136965e-01 9.666599147513424972e-01
5.566539743940633889e-01 8.994534645058296363e-01 2.927366595661727633e+00
9.067406463349181323e-02 8.621879052072318750e-01 8.315219299702474309e-01
6.938256790006662733e-01 6.065923110957928133e-01 3.284626404618808948e+00
8.614276617758029886e-01 2.475854633144438655e-01 4.680055810944661943e+00
2.167196015288621602e-01 7.132989102141332749e-01 1.149718497607195244e+00
8.413586552623651960e-01 5.516499469071780570e-01 3.311758835415347768e+00
3.907179200432292498e-01 4.357109683062667660e-01 2.274073788004209895e+00
1.589735395931844986e-01 8.208887640617014148e-01 1.015565884492410476e+00
9.613965492088401010e-01 4.809474690694466315e-01 5.157947985083261244e+00
8.297755466368100796e-01 1.644098554161677050e-01 3.586618888242581349e+00
8.388098815227268412e-01 4.476810509068985811e-01 5.040051653054658409e+00
2.279856297891573735e-01 2.433050868928676724e-01 1.550905751489106921e+00
7.893810651517562116e-01 3.221654836020699797e-01 3.997764308421166035e+00
6.561675210916022571e-01 4.351741126163224394e-01 3.039802858379251571e+00
5.740090150255279244e-01 5.948497497584274152e-01 2.908245846269567725e+00
7.328360080277063204e-01 2.134127006746993072e-01 4.568117657375682761e+00
4.946637824629790403e-01 9.510041338062535932e-02 1.822473122426795378e+00
8.627953936010578362e-01 7.932255036082680455e-02 4.492409540273036406e+00
2.082514147474257005e-01 4.924490887581506326e-01 1.043094182591048469e+00
6.138460921037049989e-01 4.272596946961463305e-01 2.219129657444722348e+00
9.252039330093201341e-01 3.945180092044131559e-01 4.436142674559070187e+00
1.821449462205293468e-01 3.871847528554943629e-01 1.422428385194712819e+00
4.041894486358277305e-02 4.730473946927595819e-01 -3.012226300897136166e-02
3.636686652037771639e-01 5.873537929400659552e-01 1.851504192678116612e+00
6.978650572978981614e-01 3.882536807361431919e-01 3.060444352409822155e+00
1.078527797771136054e-01 6.957852579382399760e-01 -6.518479046929900322e-01
9.325503438800145650e-01 2.143804208718624871e-02 4.610707268249928603e+00
6.663415478668331948e-01 9.281821628240296551e-01 3.002954918326525835e+00
4.813244567031937926e-02 7.079686934907392093e-02 6.160699011960787397e-01
2.257010966384187522e-02 7.687909081325765559e-01 4.691271534502503560e-01
6.061116229161606084e-01 4.191344814402613306e-01 3.747818547247798282e+00
4.655677615800267732e-01 5.827148457971130791e-01 2.376212361555217978e+00
2.825891342108899362e-02 3.532841522503780141e-01 6.620932360305411546e-01
6.009826152607300465e-02 7.905021321943074275e-01 3.638498600086091939e-01
8.827068713844454795e-02 4.438307876100586746e-01 5.808743778595876206e-01
7.991261876646593709e-01 7.854151510467033415e-02 4.204719952423675799e+00
1.189838444905066961e-01 7.416370166532364472e-01 8.322146103945595730e-01
6.225837692759601527e-01 6.310620232117586381e-01 3.453154489543852623e+00
7.311956651166588994e-01 3.168642488438819793e-01 4.352727674411122294e+00
5.756564763243883220e-01 2.828406554721885069e-01 3.947408034545492939e+00
9.382055486044094117e-01 7.168147601660477264e-01 4.948352770080884255e+00
9.546660828884934169e-02 1.437744534916255423e-01 4.844118257903424207e-01
1.151229123196606530e-02 5.435892212943771451e-02 -7.713427384278788157e-01
4.289306534746354371e-01 7.585115118695228142e-01 1.672943511274438855e+00
2.720841418364485786e-01 1.683401564116593363e-01 9.880622913101808624e-01
9.553521920108963839e-01 5.848667324267601275e-01 4.808516969944884423e+00
9.560671618377164505e-01 5.181438446082220484e-01 4.933951664828871486e+00
5.196770028592577750e-01 7.306585795529608740e-01 3.451093432477776446e+00
5.349779123318809670e-02 2.328861462583488029e-01 7.704348747284186505e-01
3.859630940832011747e-01 9.789769759429359786e-01 2.074017873792239453e+00
7.490205155897455835e-01 3.267712126974233744e-01 3.651412368265581243e+00
1.668441368245933143e-01 9.133330140609380310e-01 1.243613443703563526e+00
2.205754665833413730e-01 7.832697007249476151e-01 8.595611522198556287e-01
9.404829422756235680e-01 9.929289525804722016e-01 5.870103925445858906e+00
1.885613455195433996e-01 9.627881098859110143e-01 3.800423621122401840e-01
2.979547345918899248e-01 4.730276887758750881e-01 1.935528123129407918e+00
8.519970016958130499e-01 5.943420665775437373e-01 4.310612038812805302e+00
7.865511680844923248e-01 9.416708270931484215e-02 3.582760101894609139e+00
3.547299087599004030e-01 8.445259368683057932e-01 2.127252690320021067e+00
8.516151544949630559e-01 8.147740388614883589e-01 4.810189857293523552e+00
9.837521205417909531e-01 9.499682533043930510e-01 4.754976751498949383e+00
3.737339448736265446e-02 5.689895437011959212e-01 -1.117927867466818603e-01
1.248452393691709128e-01 3.108682762971861635e-01 3.059567719721493773e-01
8.485331105413984609e-02 8.067137657807001982e-01 7.644506990207884378e-01
8.493746129016015445e-01 9.598202598405187747e-01 4.648012803649603342e+00
1.661884326471347872e-01 9.545306174615980632e-01 1.210655276442758055e+00
2.115569588053255456e-01 7.917981136715546153e-01 4.492708813379883148e-01
7.973993318061458613e-01 9.554658728242193533e-02 4.119536471100667008e+00
4.199405150546330345e-01 3.148719730595287425e-01 1.236848839470887640e+00
6.762135448160583318e-01 5.604047250520123313e-01 2.910528104527299931e+00
1.793503471079430645e-01 6.921908683206966506e-01 1.611537779389007552e+00
3.393629583105367553e-01 7.712311693730592443e-01 1.848155157842310992e+00
8.362277165385599842e-01 8.309138865141540986e-01 4.206771899349675436e+00
7.851254371836934309e-01 3.006834116028120896e-01 3.505872113422314307e+00
4.007973546322256553e-01 8.691050993207729558e-01 2.328489728285702220e+00
8.735930802668734341e-01 6.962474167713060824e-01 3.580318220057124634e+00
5.871151497198540126e-01 1.153138340802493111e-01 2.539780065278996801e+00
6.462095801076146451e-01 1.281924764607952349e-01 4.137574844925852702e+00
9.236416657093560190e-01 7.178359759200697576e-01 4.226289114208362285e+00
9.194376552125794744e-01 3.121869331310231921e-01 5.213485048810325928e+00
4.384694901432926173e-01 8.387390970367403220e-02 2.743511503146341290e+00
7.152802840844866283e-01 2.143176360763772159e-01 3.858880502287514336e+00
7.475678434845520748e-01 2.674533934032751192e-01 3.273610117647138384e+00
3.411257136223635467e-01 6.670886650940466289e-02 1.864105062920903277e+00
2.132768386275984973e-02 9.256663982227738563e-01 -1.163649561141600342e-01
5.897306418192969080e-01 7.003134124765836299e-01 3.359490726121215687e+00
4.802798226410556204e-01 6.483683637597190685e-01 1.993783201669373506e+00
8.176621480896004712e-01 1.043603729430799820e-01 4.091295839545188606e+00
7.855212575202087377e-01 7.157119340511944872e-01 4.507042197180223475e+00
5.684528941022698456e-01 2.856354236553743098e-01 2.437751537534779800e+00
9.930883471075108160e-01 7.712736516485831917e-01 4.929021629209715982e+00
6.530624944143862409e-01 8.343149271709339176e-01 2.913924188638919777e+00
5.819676274191801779e-01 2.540258043319393311e-01 2.757011911636317869e+00
4.486322285661017428e-01 3.548077819389158227e-01 2.008724623551346511e+00
5.337060915547677808e-01 2.134512399881538514e-01 2.045276372596628978e+00
5.266467762777323758e-01 9.431487670339336882e-01 2.872547719207049433e+00
8.101758718861310493e-01 9.025539622773742776e-01 4.449909344161872227e+00
7.699639056639613344e-01 9.683912061347941247e-01 4.472990741094066358e+00
9.233466972407796680e-01 5.286249270385992016e-01 3.977771758806475155e+00
8.623248714303998197e-01 1.334532827503559504e-01 4.578051879720754336e+00
2.045649072490571818e-01 8.511360791325676134e-01 1.622138715515219820e+00
8.808425032518121256e-01 3.278457833231640528e-02 4.767460771953611953e+00
1.747261335267188409e-01 5.208159514249149913e-01 9.107489734808142945e-01
9.038321562587570135e-02 5.097515707018624997e-01 8.679635110003780518e-01
2.667337674975465145e-01 3.395183568046972189e-01 3.954282994748328228e-01
8.942288885142990473e-01 1.218536601033595179e-01 4.516544786048811488e+00
2.495138014351878653e-01 3.362240006002403803e-02 7.274186371739601586e-01
6.632655291795690466e-01 1.051626646997456671e-01 3.366351748724312198e+00
4.636131384771519093e-01 7.391689207887839341e-01 9.190924064812198147e-01
9.849727748399310645e-01 4.105825659188074850e-01 5.081535606333690502e+00
8.200513987740756239e-01 7.870989941024173486e-01 5.105767638351050408e+00
8.345258582652974599e-01 6.504287753442997699e-01 4.469356354417690191e+00
5.530559412316298218e-01 3.014739582304205578e-01 2.221987665263402967e+00
5.728205136550856835e-01 6.961249314381353637e-01 3.332064394953069275e+00
7.728992910594711940e-02 7.465071614300229363e-01 5.072220713377015855e-01
3.553351520590779522e-01 5.618566588746031210e-01 1.805773594922777336e+00
7.780093699322522260e-01 6.370279516433825506e-01 3.796003212735603594e+00
4.200421460868658530e-01 8.648496031052255173e-02 2.073022179648955188e+00
7.015632316649023092e-01 6.484387924575446549e-01 3.559606914505504260e+00
2.405632780665224457e-01 3.195669345676046547e-01 7.324100489677702885e-01
3.311074230748540792e-01 8.685757534288673920e-02 1.123436154899798867e+00
3.998601941346905386e-01 5.552870830766860610e-01 1.915775874339034512e+00
3.912244127302044738e-01 9.760058205599845271e-01 1.832042737206649452e+00
7.545640111214302337e-01 6.239422861366119566e-01 3.933844589523757929e+00
1.731020325733930720e-01 8.307779734406610661e-01 1.584837322370275192e+00
9.140779443033931750e-01 1.761632572799414209e-01 4.635617983734372949e+00
6.406597700159744058e-01 4.449920268218388042e-02 3.619782604199833553e+00
1.801895938347751747e-01 2.885096528520691983e-02 9.253929900355385429e-01
3.038534282472222792e-01 8.109008691606200969e-02 1.931362524069328845e+00
2.364111047450501157e-01 9.621771163112075032e-01 1.175931679959700382e+00
1.888579567058331632e-01 2.989827457994593818e-01 1.331691847396279549e+00
4.017801235588650544e-01 5.746849052510728528e-01 2.284038251179917545e+00
7.691213425655432090e-01 3.395055574798373499e-01 3.100343064061910958e+00
6.550934968984141182e-01 3.720036956270784678e-01 3.491089545507741754e+00
4.023686635365519848e-02 9.581326531584744011e-01 3.637448978915412967e-01
6.285091574769069434e-01 9.827706180286350790e-01 3.274648861414132028e+00
7.868202014082179563e-01 5.408929245820974785e-01 4.063026715844942238e+00
3.910870713585677949e-01 4.115275676678212813e-01 1.977382791230766657e+00
4.810888481033770425e-01 2.335910309083686354e-01 2.112886227322197108e+00
9.483244100044019298e-02 3.605432105348165273e-01 2.671379064678270909e-01
3.615132104900360410e-01 8.959298980423738845e-01 1.439109578489957020e+00
3.496088798675596188e-01 1.159868538215188538e-01 1.100416491082838011e+00
1.752584989807870475e-01 8.500433679768688577e-01 9.456504046667791874e-01
5.696541721886292375e-01 2.719451527203955443e-01 3.207022932205441546e+00
1.257906969503060912e-01 5.102860482935389630e-01 4.391573016080443370e-01
9.659180041815862428e-02 6.949380529845092802e-01 7.072119294438530268e-01
2.054150544247815846e-01 5.882009510622373538e-01 5.779033712916188392e-01
2.210044142168009484e-01 4.618615594701123150e-01 9.140878975298083464e-01
4.154650354296188786e-01 4.045679816906707638e-01 2.198907643480010332e+00
7.371618606847257782e-01 3.338129400401774749e-01 3.245693217291083954e+00
3.937950341162077539e-01 2.663433002832898966e-01 1.386067558419330936e+00
3.114390166515048630e-01 6.835068649679199027e-01 1.388705802372090403e+00
2.969984169267261276e-01 2.167207871474979841e-01 1.225921547211908269e+00
8.665887431269525543e-01 2.719244077785530900e-01 4.962370196944209333e+00
5.920168417723699061e-01 5.686248008396056486e-01 3.691946248409955444e+00
7.039049387710701877e-01 9.766367763810511748e-01 4.356350940590338006e+00
3.805298246038364418e-01 8.410053556422516507e-01 1.971952595700146027e+00
2.261698816689344804e-01 5.125989413008203988e-01 4.317032515586423091e-01
8.080180552046107856e-01 1.312926632015042339e-01 3.368419745332182469e+00
7.284160939898801645e-01 5.059757554471627783e-01 4.317314105858608642e+00
4.129099719860259698e-01 1.671213862046826426e-01 2.035668918620091805e+00
6.233205366576620721e-01 6.614357814101893274e-01 3.208310246239634456e+00
8.109529878867841601e-01 3.114791270951091651e-01 4.178127503612525828e+00
5.568666377962800951e-01 7.908161752846655235e-01 3.274160032551334254e+00
6.584994598486142436e-01 7.441165751555391950e-01 3.849476891377942245e+00
8.838710503302456001e-01 1.582292539619044591e-01 4.073499503581468062e+00
7.647528413413395842e-02 9.997612698905589124e-01 2.572544553349556118e-01
8.560337057837326125e-01 1.906169904574519514e-01 3.681701253116876682e+00
4.132389782657139854e-01 6.875371741120974711e-01 2.352924830879973062e+00
5.916647208438258199e-01 6.878460327662490048e-01 3.104853608287138744e+00
2.782180868122997586e-01 6.776851436298622078e-01 1.761580580541214802e+00
9.266054863421087084e-01 2.627492879721394781e-01 4.628763757826364511e+00
5.523392520960408447e-01 6.644924434656053203e-01 3.125174246926364141e+00
5.287394139091310397e-01 6.394872222310177268e-02 3.117993250820441098e+00
3.686558096442410504e-01 6.268691773262476952e-01 1.936875223460121642e+00
9.508303497338959076e-01 2.603495644055497937e-01 5.539503503356506542e+00
4.974170422761559074e-02 5.234160700859691318e-01 9.854439982145415389e-01
9.343567329844875147e-01 1.007677945281176823e-01 5.049580527766805105e+00
3.951543969490975972e-01 5.731481704547733980e-01 2.435359065439732795e+00
2.593456023940206023e-01 9.908603604474142124e-02 1.265386858376813972e+00
1.945948991403323447e-03 7.928332931112429538e-01 -7.151524026985970339e-01
8.014805253134763552e-01 6.015755345876689919e-01 4.634065213613259182e+00
