7.475811838082768723e-03 4.320836189610323119e-01 1.450549175723391038e+00
4.991058415580543750e-01 2.094374801667562291e-01 1.102532698521218268e+00
1.193536163361264002e-01 5.963489824485116442e-01 1.338273355186238245e+00
4.769187785997547335e-01 9.109195645869490043e-01 2.602219201834365947e+00
7.303936733915606938e-01 8.857684867949857654e-01 2.210152595170989276e+00
9.664601349489546633e-01 7.502994138032407223e-01 2.611077802324385910e+00
2.542019778882254055e-02 7.428502628957164289e-01 1.710698945274088834e+00
1.778136599348375535e-01 5.930384510525207320e-01 2.233352927908840435e+00
4.492592286670140656e-01 8.931411427088303823e-01 3.102819283880683177e+00
8.370430987882071516e-02 2.614373501818388901e-01 8.640697795350422705e-01
8.341080791107999826e-01 6.784596613777602592e-01 3.226838828319181562e+00
7.167018545861755241e-01 1.103531872063134855e-02 3.812269666339226926e-02
8.183226795351219440e-01 6.657461817854845032e-01 1.547628048238904874e+00
2.834730567607464113e-01 3.260372156848528880e-01 1.066274317849608133e+00
4.816520737750709102e-01 9.933843474355296133e-01 3.471689866478016473e+00
5.507062166025468164e-01 1.219201174732618131e-01 -3.873755702169334736e-02
9.275675675329209113e-01 7.595330167450311531e-01 2.289908502396237111e+00
7.561238363026515641e-01 6.840828577303232905e-01 2.519846561855788813e+00
4.957723968953803295e-01 8.670850445766850045e-01 2.935924016824970284e+00
5.408335800327461751e-01 3.247707156381132165e-01 8.585149457083230962e-01
6.892698013969100757e-02 9.085711937091790480e-01 2.274493253938949078e+00
6.741864184517211145e-01 7.817210669276070112e-01 2.513319828565115710e+00
8.243668219151468746e-01 2.917544002350455079e-01 1.599121705167765972e+00
8.776077707996776667e-01 1.677106045886949115e-01 7.843847468722240368e-01
2.500776223292151546e-01 3.588873034434612030e-01 1.653274592743033899e+00
2.021786578617587038e-01 1.418393464135232485e-01 3.933672100694594609e-01
2.685507556945776475e-02 7.321598812138923051e-01 2.127765105548871993e+00
8.195523222775495942e-01 3.451370805481794868e-01 1.377961502837144137e+00
1.971981386783976387e-01 4.517957732604490628e-01 1.883090356939532306e+00
9.324125360887314251e-02 8.518183180329133020e-01 2.720069834246886309e+00
2.682640801887333781e-01 7.666508565073675285e-01 2.133635338893320910e+00
5.988554394607304987e-01 5.078756300002995605e-02 -1.323176605521795279e-01
4.132057609719871349e-01 7.733878480448631576e-01 2.669836471857727211e+00
8.968299298666455588e-01 1.759543852410582199e-01 9.980225650229066492e-01
6.604143061271943171e-01 6.340983996248182875e-01 2.105840665588138982e+00
5.266614520604195882e-02 1.525488634313088010e-02 -2.153966553289855534e-01
6.974062198613504293e-01 5.944606189059847834e-01 1.763717859467236915e+00
5.387863758358174548e-01 1.019159109038116906e-01 9.558460757183967482e-02
6.249043870655015542e-01 4.299862339088595942e-01 1.522006406940794809e+00
6.661354880603580497e-01 6.036168002547487310e-01 1.930785326585231942e+00
4.085927067704629989e-01 3.085466034371613375e-01 8.242125987920496666e-01
2.645712089691105717e-01 7.794962481435983026e-01 2.138245618867576248e+00
5.732978944125887155e-01 4.848706031355866086e-01 1.080208500702684260e+00
2.713139146988112760e-01 1.379451495861444554e-01 4.228339638555064228e-01
2.755820924890763912e-01 8.530702479483407430e-01 3.322053433962536939e+00
2.091501940600326570e-02 2.048108692344442483e-01 4.191702012093132534e-01
1.534394912084446894e-02 9.148363421420675490e-01 1.800710510442548484e+00
1.278958637503535556e-01 3.910178296001215470e-01 1.326305294981870109e+00
7.343913194845445025e-01 9.578241564768665839e-01 3.666444442007755988e+00
8.728738265684310438e-01 8.137136652443932583e-02 -6.680219410291982074e-02
3.434930909495775841e-01 3.668093961439626849e-01 1.298070495530361690e+00
6.340750930182676992e-01 4.293034895647808158e-01 1.753627303728895637e+00
7.916753701139102040e-01 8.792271853310851260e-01 2.593999286745963584e+00
1.783997341756226040e-01 3.861425389666840458e-01 9.128976540430178144e-01
5.928812756610245538e-01 4.438943836328812509e-02 1.000094214885776989e+00
9.664522600713033595e-01 9.466939185617491148e-01 2.906269893635449630e+00
4.066561253239548979e-01 9.171665625609342065e-01 2.742986919040616645e+00
8.236115710884057695e-01 2.647959880978716374e-01 9.459738056948978624e-01
6.320423316726820895e-01 8.360438827586792465e-01 3.216488737449289648e+00
5.138224534917832376e-01 5.374361346225066116e-01 1.527247360071752880e+00
4.579382292678627620e-01 3.949198869420947888e-01 1.501425648147641345e+00
9.576670559259582438e-01 3.983246523147065954e-01 1.237575342612352136e+00
1.138067686089871966e-01 1.567309453549632359e-01 7.005322455414590976e-01
6.404494439786647675e-01 1.780641159603901791e-01 7.938637139365654072e-01
1.387840471133794384e-02 6.237823673113149781e-01 1.476386204302320593e+00
3.030445989624356296e-01 6.198141088519637520e-02 4.567005603096885302e-01
3.802531980402333867e-01 5.409927006646785275e-01 1.883581189342869333e+00
6.705087997031178304e-02 1.741428118633180366e-01 9.121942481269487146e-01
8.211668779283721742e-01 5.249226808311039383e-01 2.170534841817413074e+00
2.069294306883516787e-01 2.366319826124895220e-01 1.542613224726550936e+00
9.532381178881612627e-01 8.535486150346145440e-01 2.356388047056950708e+00
7.960224813956610079e-01 3.619061945798818236e-02 5.172188609486845223e-01
8.877672702671365323e-01 9.713145572816609397e-01 3.306905373104077839e+00
7.489306869397681643e-01 8.473656034978621632e-01 2.535918702634719413e+00
7.177108320559019150e-01 1.087337598575145448e-01 1.586935432727936135e-01
2.447720414767670105e-01 5.109625703599354196e-01 1.407260059648873574e+00
9.890927331418312152e-01 2.953923437136736219e-01 1.072070459129647713e+00
1.086920779608940846e-01 6.318071227439751025e-01 1.557679918613608994e+00
9.644991742126940437e-01 4.703489200292593209e-01 1.636317030674938611e+00
6.213140595058208593e-02 8.477486902449127282e-02 3.813767326246751410e-01
4.952571105530045870e-01 5.700052493447709256e-01 1.934233726936544162e+00
2.726756709341970897e-01 2.146651782929371866e-01 7.986346066861963466e-01
8.917441922488205108e-01 9.560923675042851677e-01 3.119016030037050413e+00
7.707565352454615049e-02 1.161474483544463476e-01 -1.644060962672083126e-01
8.619330010808275988e-01 5.483846347652111541e-01 1.887271595787430201e+00
6.756497088473898405e-01 1.596640416697148179e-02 3.250751138478518709e-01
6.078153373128571957e-01 3.720033630724720597e-01 1.411933889913144835e+00
3.174037326900748246e-01 1.549614002822162773e-01 8.161302398949438208e-01
4.476293363565838623e-01 8.210638934292713298e-01 2.480054998404300992e+00
7.084428331937857592e-01 6.952726744740225229e-01 1.912595645951341350e+00
7.313728224808281331e-01 4.590841357253414579e-01 1.092024568392572004e+00
8.346529609846853326e-01 6.280661067885178195e-01 1.703742672110366119e+00
1.949849239944413393e-01 7.815804264527685952e-01 2.740131052532522649e+00
3.618961197943663111e-01 9.493746530596582911e-01 3.483716212818180669e+00
9.426901777014041750e-01 5.218380228405639087e-02 4.376997690535605612e-01
8.226362345946165444e-01 4.809419675081207934e-01 1.458586094754612761e+00
7.067354980129005870e-01 7.228649825823781905e-01 2.419791589190408487e+00
1.023755386264367795e-01 7.922838157573184326e-01 2.441085427209842340e+00
2.289851593560128240e-01 5.546786377010594071e-01 1.647696527055220850e+00
4.460650478440573163e-01 2.191506522298012349e-01 1.024946687942562829e+00
4.483396050145066480e-01 2.429242359343196656e-01 1.309989269584039384e+00
9.430377189635058555e-01 8.411778387111719102e-01 3.432728797502154983e+00
2.864482468911577762e-02 8.546327218757242550e-01 2.722370794510544201e+00
2.241511135464431259e-01 7.859659876748782414e-01 2.491116071935152387e+00
9.966196752234992573e-01 6.955150962623877220e-01 3.093102615008462841e+00
2.477410776072497267e-01 8.178117265377349288e-02 7.342611816274411396e-01
3.790620764631877915e-01 9.593005540814388832e-01 3.171558355615661906e+00
7.558769731762405852e-01 2.294088007751564628e-01 5.538922276913116338e-01
7.192011532951225750e-02 6.754074740436515345e-01 2.527960192024258479e+00
3.234731742291891976e-01 8.990872474399824732e-02 2.308891315011747103e-01
1.105033974749317638e-01 3.560288831966261780e-01 1.355952289465385707e+00
4.316861899693822391e-01 6.140824910286386551e-01 2.175048267024927817e+00
4.173677249147860202e-01 8.307176675711246405e-01 2.891136308161926127e+00
4.878284313449211540e-01 1.217117118902810713e-02 3.765562264346458687e-02
5.698100028891839308e-02 9.369647431950471894e-01 2.828524603619942734e+00
7.937063049510053592e-01 9.965934172054009554e-01 3.621790555298875613e+00
9.185931909842128817e-01 6.488091171997073525e-01 2.143860442680804557e+00
9.007204053721260539e-01 8.537714025365400472e-01 2.646754629169127071e+00
8.278514553747188254e-01 2.005889941342431371e-01 7.271439836489447250e-01
2.373489829046158128e-01 1.418258400242289330e-02 -6.020465063396163163e-01
6.117272773480567638e-01 6.369715377051763383e-01 1.454500098779854422e+00
9.961403950188231216e-01 3.421270980816193408e-01 1.695221418633425792e+00
3.060008110713063889e-02 6.001080183202910368e-01 2.002526417406803372e+00
2.164319231564044710e-01 8.136362177731774059e-01 1.757163156232044887e+00
4.320315166604467016e-01 4.720548127901512681e-01 1.795390386829843532e+00
9.817822535962430486e-01 9.617769716915969269e-01 2.665581707035302728e+00
7.824931791481782861e-01 8.442127024468111252e-01 3.127126340389913661e+00
9.034259616014704841e-01 3.510687988820446748e-01 1.524380717380441341e+00
9.340361687788649725e-01 6.443396379643503424e-01 1.577033167963769245e+00
9.349627019103919912e-01 9.740965725817858356e-01 2.777737402561453184e+00
5.903568814739056370e-01 3.993580841930692849e-01 9.865016362870495659e-01
4.310475296439005843e-01 4.231135093604750930e-01 6.160817574532500007e-01
4.066501997846739824e-01 7.450933101505008427e-01 2.074051841595779599e+00
1.029377684482553068e-01 3.799493301021364955e-01 1.256140270860516495e+00
2.166875813791702132e-01 5.680548857183227440e-01 1.860536057054025694e+00
7.361620363451337745e-03 6.692094353896700376e-01 2.297233859209406592e+00
2.251381419088346325e-01 8.652108236891861148e-01 2.666916298098993998e+00
1.504251225087782640e-01 1.130070792465698304e-02 -5.110469555600358760e-01
5.937063067825341101e-01 2.716007117804829507e-01 1.267438724867238964e+00
4.634541081507811411e-01 6.681602022681033537e-01 2.564355938834183224e+00
2.250187085316336377e-01 9.707240268187979915e-01 2.676052205504153569e+00
9.815037489648346103e-01 2.641637699209509194e-02 1.554105300329002293e-01
5.798419531491214585e-01 7.299465348305756995e-01 2.111624689082501227e+00
8.972502355513533034e-01 9.156452851300300733e-01 3.126488976232349337e+00
4.125381992536247822e-01 3.249668969776204897e-01 1.830878545388462175e+00
8.269411939892717944e-01 7.979113620685827080e-01 2.707397108997154689e+00
9.993682944332172857e-01 6.221934355638074621e-01 2.549876142740037821e+00
1.309511636557203484e-02 3.505925898386655915e-01 1.305297897892122805e+00
4.102824415325945218e-02 7.457568198685821104e-01 1.543540270208316301e+00
8.117891142542627003e-01 1.272650640958630230e-01 1.082974948650097691e+00
7.481657398409454762e-01 9.308262831414119143e-01 2.578937787382042934e+00
5.088769917590663105e-03 5.245899619502442102e-01 1.727984379791936531e+00
6.400399192179795360e-01 9.629290544827761034e-01 2.938595199549385306e+00
2.773619565845855117e-01 4.542961730983430257e-01 1.168737911397091711e+00
6.686043177934657411e-01 7.553176981648601629e-01 1.644825403924084384e+00
2.637964834961262772e-01 9.844424430040311647e-01 3.632246264813325798e+00
4.529904429357893836e-01 5.591014088518869718e-01 1.421411174425226243e+00
5.914692044780885949e-01 5.224614059870554827e-01 1.501115101695089438e+00
5.278611861799314964e-01 8.706323340559083412e-01 2.599792319687709963e+00
7.265719805715095125e-01 4.647055521928602495e-01 1.623872125626333318e+00
2.374412593234882518e-01 6.781222697832595125e-01 2.978750721035211768e+00
1.096602828167132504e-01 6.233577231346018044e-01 1.686962232177067644e+00
8.285502135116481481e-01 3.054139242298121726e-01 1.144537009942264483e+00
7.915711302950751982e-01 7.848184053509537073e-01 2.892002414681882794e+00
1.762498459189343336e-02 4.855504085991589891e-01 1.619558293913433200e+00
6.262818009408183118e-01 1.603201032517899138e-01 6.252513064490023975e-01
2.830688286014748645e-02 5.242293138669631425e-01 1.202461608418680550e+00
3.427022322407036192e-01 7.081650882875548669e-01 2.150677972793977322e+00
5.135236067462749521e-01 2.438597121143804003e-01 6.384817981414274701e-01
2.868808958191264580e-01 7.384571396801111742e-01 3.105295444220282697e+00
9.736860152443834737e-01 2.079390705386722216e-01 1.557250606379207980e-01
6.894495333611394550e-02 6.130594376948936830e-01 2.315876000332821594e+00
1.168590212315750998e-01 4.037889878947520383e-02 3.152764638159926136e-01
3.147609473561659987e-01 8.448606103547418034e-02 3.681880790089999689e-01
1.905475300857236709e-01 5.576451121753612794e-01 1.735782833118906243e+00
8.174670994045084571e-01 7.522671285033422084e-02 2.910705593068040886e-01
2.930085957594632529e-01 9.567630851274011583e-01 3.172637074347888664e+00
7.861908323714857927e-01 1.787212591142121054e-01 8.352226099770573287e-01
8.722257250051403954e-01 8.081061274551285534e-01 2.732557324289121681e+00
6.899075115902838506e-01 9.443001359106594217e-01 3.398727077247677641e+00
6.031118963945732991e-01 3.453224833949740669e-01 1.425321208931602079e+00
3.407956303640705675e-01 9.140476767703493710e-01 3.401458356178787668e+00
1.945621485096249437e-01 5.923940054625942420e-01 2.566378888181803930e+00
3.161255927431180224e-01 7.527318319996485485e-01 1.902379634338783321e+00
9.542504369658332264e-01 7.563093485068556054e-01 1.960997642569395571e+00
7.503283219779900426e-01 5.828935470434386534e-01 2.446196965775033760e+00
4.578297753833164840e-01 3.519832708438854763e-01 8.666562129287116445e-01
6.068951551160934876e-01 3.577481854345385681e-01 1.279663020567587850e+00
9.286620665777755024e-01 1.989483889154278762e-01 4.980914890658610372e-01
9.089161333377616669e-01 9.360413652931209860e-01 2.729168699217892513e+00
2.715020470435951516e-01 6.263210538722676635e-01 1.953520274587866812e+00
4.484390918011750271e-01 6.187772636825238370e-01 2.289293295258222116e+00
6.530080949979680804e-01 3.122995150457112956e-01 1.618902454343966735e-01
2.463316498886304329e-01 5.226564427863324980e-01 1.229133364816173302e+00
4.141071607560687928e-01 4.798880667179711290e-01 1.484116980207792924e+00
3.744430435917297517e-01 3.136728207944586844e-01 1.394232745042316868e+00
9.704834640778647881e-03 2.409452879945052084e-01 1.099945707772545633e+00
1.247533430143018540e-01 9.278300040342389865e-01 1.969712680896271717e+00
9.639914914830710613e-01 7.146319051580746207e-01 1.916158759622974328e+00
9.697007427592747586e-01 4.344846988263826315e-01 1.529407530737709742e+00
6.432789358766941579e-01 1.159531498655849147e-01 8.070333907812549112e-02
7.954444389320014519e-02 7.857091264773297112e-03 -3.041162080678399410e-02
2.056292786003366402e-02 9.139983937786330115e-01 2.283253682769141424e+00
6.896932244254023736e-01 4.071345432110594631e-01 1.608724082101808062e+00
1.179590669697371252e-01 2.516637324101815842e-01 6.254825903210164961e-01
5.717954038454533539e-01 7.118334045214347316e-02 4.939509993242007790e-01
7.652646562234205474e-01 3.355166863650271836e-01 6.348712599175490023e-01
8.211691611012003067e-01 8.338493619363586129e-01 2.737468720090254326e+00
2.169688389528605654e-01 3.278673542269121555e-01 1.327212744232495689e+00
8.825445819422383931e-01 3.988053665091583211e-01 1.838918711522194549e+00
7.630053686338290619e-01 7.118875637069269624e-01 2.036324433274867118e+00
8.682088181253480030e-01 8.022112043828562022e-01 2.771127215122880294e+00
1.617129307945597283e-01 3.235671693450348219e-02 2.576392368990635950e-01
2.998997587073576332e-01 9.881916976518770879e-01 3.636341806624223238e+00
4.166599629826496232e-01 4.948038506801873959e-01 1.604337709904139819e+00
5.346101161310027328e-01 3.346227769794102302e-01 1.407399360732258575e+00
5.586469090878520838e-01 9.291034722693523040e-01 2.834402154732535095e+00
7.495713414978937283e-01 2.230812889919575603e-02 -2.557682884596298445e-01
1.776544927826729792e-01 8.330048151716381577e-01 3.165953386815831827e+00
2.370892922909140221e-01 9.645650999746180343e-01 2.848768860709277373e+00
6.461924835393765276e-01 9.880609977186249893e-02 1.668412393504021818e-01
1.553521768486154642e-02 6.646524478743683906e-01 2.595752388284229717e+00
2.304588954137405388e-01 6.865243600025272563e-02 5.432053718528367936e-01
2.895677903304353373e-01 6.671957989519927690e-02 1.011850249507597832e+00
1.509853317223704972e-01 4.906855357405467410e-01 1.149671642059096444e+00
2.695189180420017871e-01 6.034853329583748094e-01 1.407443348919456216e+00
3.459764986793533170e-01 2.784403907717262205e-01 1.269648748329526677e+00
6.512027084577440839e-01 8.181789021711619592e-01 2.478800034415616693e+00
3.889098625215544613e-01 3.863808815073727088e-01 1.725517777318716028e+00
1.566168732205782677e-01 5.040095278958177660e-01 1.445050834954967778e+00
1.506836183177537869e-01 7.794054440250003379e-01 1.827809424017371231e+00
6.008472067370227432e-01 6.576294941390324889e-01 2.840072456764028530e+00
3.529786254613809238e-02 7.906953468826860565e-02 2.914537265792652709e-01
5.838745443766220067e-01 4.772899699307178167e-01 1.562650054560695834e+00
1.146386622596683447e-01 9.203557773271238140e-01 2.689497621397455962e+00
7.527449308386525706e-01 6.556932866566937967e-01 1.353679760380875008e+00
5.772945696666064164e-01 9.877894057653435755e-02 7.237928965909140588e-01
8.474621057352611508e-01 4.665830019054897360e-01 1.901384774582225878e+00
4.727060331868276899e-01 3.727054816128867465e-01 1.321924051574254966e+00
5.098999975310586352e-01 9.609943282665764919e-01 3.645184030881743364e+00
6.906392732383714872e-02 6.549105132437355037e-01 3.089488200682487751e+00
7.823921352054278300e-01 9.097819054222342494e-01 2.846727756943917775e+00
9.943033096890919742e-01 8.444706344914977292e-01 3.381869668356601633e+00
5.178662245948807419e-01 4.365645138590940055e-01 1.617148994110577664e+00
9.534817465122435998e-02 1.230465622023014793e-01 5.958602476658144687e-01
9.136055467588631851e-01 9.813729037345580997e-01 2.801133207970882388e+00
8.333185088873177326e-01 3.682929206749316897e-01 1.581381594818430436e+00
4.771459736855861999e-01 5.740580398746287782e-01 1.045186811835778551e+00
3.367532669053258099e-01 9.863295921596789695e-01 3.324781710758984765e+00
1.594746085675310399e-01 1.159932473938930508e-01 1.169134788908752665e+00
1.194465875871124627e-01 7.888348212226486966e-01 1.975195364474281234e+00
9.220174949309249968e-01 1.121314629070164770e-01 3.351474538644472201e-01
2.541061042050157814e-01 9.685797070542766507e-01 2.153441410522853872e+00
8.307572662553505127e-01 2.508448740688680179e-01 5.784611982958615117e-01
1.376235448843345921e-01 3.617318129659841119e-02 6.221258106163279900e-03
1.840436481673137781e-01 6.808323222169596622e-01 1.882607549485687315e+00
6.342511202490156430e-01 6.365513878416173554e-02 4.041269791780713883e-01
6.123378869386941759e-01 8.101128409854028156e-01 2.459317063345435983e+00
1.397822621492095241e-02 6.212810177816235901e-01 2.486015825552446934e+00
2.648893147818288663e-01 7.721405542346180262e-01 2.969950102138114278e+00
4.355738705629145224e-01 5.015560297114354249e-01 1.631130975396188676e+00
6.767645550708526470e-01 6.719988217135804964e-01 2.402001209385296487e+00
8.969482811011396661e-01 6.216162704899576008e-01 2.391939545978828185e+00
2.807005865638156905e-01 8.765866332782691339e-01 2.445553814010947402e+00
8.776631729638195711e-01 4.409557801676966537e-02 3.437035580118271705e-01
1.132318932995939331e-01 3.878734620588315529e-01 1.126828874551153659e+00
6.505608066743523432e-01 5.570322166309906731e-01 1.405162532082802507e+00
6.352826777968835215e-01 9.032073994924333382e-01 2.875864603770365679e+00
6.075075314259952286e-01 9.988317036228566703e-02 2.788370701672525653e-01
5.520087431768604391e-01 9.498021697608852731e-01 2.877145609157186534e+00
3.487420901728126577e-01 3.894438219111665545e-01 1.967127108295036342e+00
9.888404807347624947e-01 9.617904325249965192e-01 2.959924223051830339e+00
4.969393094569252156e-01 7.919237167339300276e-01 3.236077804420792958e+00
4.616402216694177607e-01 7.207236959796187170e-01 2.939117327649773515e+00
3.099152128633931857e-01 8.613633170191453692e-01 3.079330776691408644e+00
7.086847469763453145e-01 8.869181625632798216e-01 2.871147840108290161e+00
5.377941856756937034e-01 6.587775309256123091e-01 2.160967816912532591e+00
7.646364267701427631e-01 2.455421095608366633e-01 8.572966621828197464e-01
8.622835239476616120e-01 3.000231196956705260e-01 1.259991882594763801e+00
3.345859103381273458e-01 6.329893531710280019e-01 2.681060716320600612e+00
9.934007225599694735e-01 4.543513071834827111e-01 1.315428869334155149e+00
5.759080950066908233e-02 2.884858963551498734e-01 -7.850174925890418542e-02
4.269505081601583374e-01 8.051743259836636746e-01 1.978542162816029570e+00
6.524171982482834808e-01 9.279905907169705426e-01 3.060068499975705070e+00
6.734843198314031110e-01 6.334571393198266120e-01 1.336145401266799482e+00
3.575328041680904123e-01 3.986721918236949547e-01 7.723321667448483918e-01
9.403819198182535866e-01 6.083547482391497008e-01 2.086252971355057717e+00
8.261928456459203263e-01 7.570886069856381795e-01 2.281536649939948092e+00
9.971820442967808118e-01 7.992046415584097563e-01 2.704741105823545322e+00
5.172650976969177528e-01 3.724498668637581389e-01 1.673405379121174485e+00
8.705251688169839408e-01 2.588070565460098837e-02 2.202940496938309289e-01
1.833966134012716687e-01 4.876258081198566741e-01 1.679427029342003275e+00
1.513744990398393497e-01 1.073838804974480698e-01 5.451570316432030605e-02
4.189926345521661766e-01 8.098320316679730180e-02 8.531055954522728801e-02
7.543787800059154058e-02 9.848391042115073324e-01 3.320126219861897710e+00
9.443531958206554666e-01 3.626975445534534881e-01 1.522215910344035361e+00
9.301133473836653565e-03 7.468683831400360074e-01 2.334020525485814623e+00
9.642102501462823660e-02 9.376298281258887979e-01 2.880496019421884935e+00
8.756395279972406520e-03 3.716757697309374109e-01 1.208645232007073744e+00
4.687172502852384737e-01 3.820892126647807974e-01 1.854532680014708834e+00
5.913476236001140585e-01 2.189669997631138454e-01 1.012501326332066132e+00
7.387636329667006674e-01 5.920302587231973668e-01 2.412974575569116098e+00
8.630538270295081693e-01 7.792900613671284171e-01 1.878971948852477647e+00
3.338134227415587851e-01 5.674753975143114193e-01 1.695213821857337599e+00
9.584543540591695665e-01 5.927514450250956912e-01 1.370840158264928110e+00
6.241369121140725174e-01 6.771593195494135520e-01 2.488457865425464988e+00
9.371467607092121010e-02 5.101183721846589414e-01 1.744021612594066850e+00
2.493145976044208734e-02 8.668047761071785429e-01 2.752694079365073154e+00
4.464666703723130237e-02 6.965892190700817554e-02 3.990281308246132475e-02
5.023918872272138403e-01 2.040379432923519198e-01 5.516673767989469512e-01
5.877438415473072997e-01 6.615594275407946645e-01 2.239059703919524136e+00
2.542344007676432538e-01 2.107911890480862471e-02 -1.814458337391371134e-01
2.605715458050029687e-01 3.705245057473609549e-01 1.623875658479395634e+00
3.079127212378973688e-02 5.645134485765185284e-01 1.396775220088774416e+00
2.935412713526179829e-01 6.360212413725220282e-01 1.784000484477348714e+00
6.921359345671137531e-01 4.471545089601747236e-02 6.832107745984026259e-01
6.008873041498907774e-01 7.245640966372686176e-01 2.449924662944541254e+00
4.188308403428122606e-01 8.643009544846647074e-01 2.760272756702002894e+00
7.900049678498655137e-01 5.336134216172517819e-01 2.017342915403988357e+00
8.916015312642323609e-01 5.935368189827650021e-02 6.154584039205877044e-01
6.886796487300256286e-01 7.351803922338089325e-01 1.955426791912523221e+00
4.097948721282183016e-01 8.938378872878225412e-01 3.119817310501979524e+00
7.971993055816052332e-01 2.098045641727298571e-01 1.283885910722696089e+00
2.983937173575484936e-01 5.264553012450376990e-01 1.531566251661298006e+00
7.088314414946647046e-01 8.127418738639392570e-01 2.358159220704926007e+00
2.794745935386844238e-02 4.257614762297438071e-01 2.267702959680207631e+00
1.442114455984099264e-01 8.172152263897196622e-01 2.893849234749763077e+00
5.483618677638720795e-01 5.176509315932831257e-04 1.301219352870777612e+00
6.427378960850457235e-01 7.552474603789007812e-01 2.472390033497665840e+00
9.012632286266673010e-01 3.977661209204516046e-01 1.584245481446183046e+00
7.751416839326413788e-01 6.567156244957739197e-01 2.375680585799090139e+00
7.881789859035825963e-02 1.398809975130443917e-02 1.062458766386323861e+00
7.285305002856791168e-01 7.524358560494234238e-01 1.777475646463399617e+00
2.379830689652752129e-01 8.531137154968296832e-01 3.784977853443068696e+00
6.570932175321538837e-01 6.318373986277122656e-01 2.448493198991143593e+00
1.769712777161163153e-01 4.881231080553715129e-01 1.218194871634332488e+00
9.787091902618055839e-01 7.234517063722307739e-01 2.078608673775485638e+00
5.325543940594856807e-01 3.878463636417355254e-01 1.117218762232110807e+00
3.776294030850475547e-01 2.938102869436330922e-01 1.323709562131879736e+00
4.523604325372018176e-01 1.784904810357289540e-01 4.552447289805042763e-01
1.181792173078843877e-02 8.635937518630699694e-01 3.410988741402070090e+00
7.034518033946576265e-01 3.367757382672672550e-01 8.910639855322948222e-01
8.948050446054094387e-01 8.843895733410821469e-01 3.156833444330739091e+00
6.259623697221685656e-01 5.704639272128342320e-02 1.958388498885558493e-01
5.235755207298292691e-01 3.340819322875727693e-01 6.268974481184578229e-01
8.638754732141373793e-02 2.774203914755931644e-01 2.935415055568650899e-01
4.317114149216787489e-01 4.650713813752526127e-01 1.995060795329805625e+00
8.917705774149951026e-01 1.697700091575871095e-01 5.572552195849169721e-01
1.752132038065331576e-01 4.061422078489875798e-01 2.293701656882313422e+00
2.928100157108124435e-01 4.671233284818390175e-01 1.080626851389180132e+00
7.819621667662703945e-01 8.008189799725141667e-01 3.080348037192132793e+00
3.690479178198524668e-02 4.992162633659427140e-01 1.440659064292583391e+00
4.255218965268586784e-01 4.299491437783846681e-01 1.718854994552853732e+00
6.508378905405213244e-01 5.125476346950736950e-01 1.590678829535723260e+00
5.072290338100746698e-01 1.864644592367400433e-01 4.459607970314258818e-01
4.276686579201467442e-01 2.301907304104228169e-01 9.303368310914639228e-01
3.476699595249291841e-01 8.611313302243546186e-01 3.033742925183159134e+00
5.490920356870296892e-01 2.171881655774017261e-01 4.104681509594124700e-01
7.510282078843535380e-01 4.979744383443573952e-01 1.696128527266623331e+00
3.906216874866195177e-01 1.165731551035269487e-01 1.438532496121395221e-01
6.050298171092189925e-01 5.186689934233152943e-01 1.479263961155669271e+00
1.317855929821913907e-01 8.963483353857124580e-01 3.139096945167396679e+00
1.652283583767804043e-01 5.119575423296794936e-01 8.744003971758654847e-01
3.282157425301530651e-01 4.670372656905332764e-01 1.516522852725733284e+00
5.574891210005790132e-01 6.653447637772980094e-02 7.154585981647222370e-01
7.897971783219093211e-02 9.666951250533402096e-01 2.778803608643247713e+00
5.317142691264395982e-01 8.525494190186935217e-01 2.189194935042349410e+00
9.139282861202384645e-01 8.300394780564672725e-01 2.314393252321646166e+00
7.003936096648044618e-02 3.614369733524737116e-01 1.458722832872220376e+00
3.329160644636194322e-01 7.612584046270625127e-01 1.728766841894803008e+00
7.223716278606399088e-01 3.424502960158398723e-01 1.475182310351810244e+00
7.579486958675392128e-01 1.404431732978919101e-01 7.638063148058644725e-01
4.879941143072841214e-01 8.776430610393899379e-01 2.590578637109576032e+00
5.059776587492628153e-01 6.011431791188193152e-01 1.727646528689702032e+00
1.235219504874963681e-01 1.179922675331297466e-01 2.158455983551904600e-02
7.725252796637381847e-01 2.402553529530193632e-01 6.088324063553911536e-01
6.044899109013432970e-01 3.526318875917974216e-01 9.820642697335023596e-01
2.788842141255436502e-01 9.449528134942402069e-01 2.637117406174539269e+00
8.124980818899407708e-01 9.135864179859349843e-01 2.976694424729694699e+00
1.430100926327314559e-01 3.895334755875521360e-01 1.484207112180311761e+00
1.346184020583984786e-02 9.470172860355422495e-01 2.018323715053156331e+00
5.315817357323743275e-01 7.364967952142569274e-01 1.340839329042298633e+00
4.307840966796572246e-02 2.388285466023543080e-02 -1.547847363833975143e-01
1.108508058799980711e-01 6.309926088062709493e-01 1.846453177067780338e+00
1.369271739615056660e-01 9.521833918572530919e-02 -1.367807803943321687e-02
8.709137663984527489e-01 5.830997774574926407e-01 1.470710178479174957e+00
5.120154121503293077e-01 4.166566820874566535e-01 7.946903526350351799e-01
1.315315743704883467e-01 6.371999314248233404e-01 2.694171092891537000e+00
2.153395548126788572e-01 8.908231491211437980e-01 2.548016980999377346e+00
6.774899744365372456e-01 1.475000211999840660e-01 1.016389505906764912e+00
7.205521389499305318e-01 5.167944263926570470e-01 1.439864432386541271e+00
6.298537683329488157e-01 1.103889021762568534e-01 5.788912312050239484e-01
3.003320757630068005e-01 2.839265518953392187e-01 7.902651533713537235e-01
1.358787769867572104e-01 5.338502558571581735e-01 1.242159045055135191e+00
7.211422730895343802e-01 6.832532426805910664e-01 2.427868407009705631e+00
5.077081666456587650e-01 2.692338638244742288e-01 9.469604095963046753e-01
9.076515738388084564e-01 2.492821227198076528e-01 3.774681688921412981e-01
3.057001659291251894e-01 3.716474170584588288e-01 1.981864586654419114e+00
2.393124933107569907e-01 7.217250161625320404e-01 2.590482589440039618e+00
2.651245410444329487e-01 3.496052218356904273e-01 1.227039102958267680e+00
2.431967384773501273e-01 9.985048262565618948e-01 3.235888446285136943e+00
2.698483691693887021e-02 9.743108744110025032e-01 3.342329366195278428e+00
2.279608585095488360e-01 8.859818045797949182e-01 2.942464448708598912e+00
4.483609672705520799e-01 6.670998887972758862e-01 2.076419722111321420e+00
8.904753906462610225e-01 3.111374055960492990e-01 1.456989638885515248e+00
1.514761014203253042e-01 1.678783474502699713e-01 1.167981405462522382e+00
7.520504570944019918e-01 4.375530060069278138e-01 1.481577723376456435e+00
2.397778092861350130e-01 7.997618535980651755e-01 2.342757484666917911e+00
2.531206670418394422e-01 4.615506965402542683e-01 1.636592790074103743e+00
7.435728910834795702e-01 3.736777422149617500e-03 -3.830974855301556015e-01
3.688643214472042686e-01 1.883043946844410454e-01 5.667628887874931465e-01
2.618105734985738398e-01 7.634161407858581772e-01 2.196219235036334094e+00
9.804012704778609644e-01 6.778374519788783470e-01 2.062332573557930537e+00
4.626539226850950870e-01 2.165404571632910669e-01 6.080610405596087453e-01
8.806516367168518711e-01 8.681734757726988772e-01 3.521148834689036278e+00
9.023441618521538254e-01 3.364042065683817695e-01 6.872849186385355802e-01
4.269233628358508614e-01 8.040080415256076751e-01 2.145076436418656751e+00
4.600117779487580272e-01 3.367630808640548201e-01 5.949168512934720487e-01
1.807768509788476585e-03 2.420663221130627818e-01 7.130138029462870231e-01
4.099820340838236099e-01 7.899034529768680368e-01 2.385191132276404335e+00
4.849960694889798862e-02 1.982840001315443468e-01 6.301584230118260077e-01
8.996124640016156526e-01 7.420756892900272073e-01 2.209456858526119838e+00
1.492016935091921015e-01 2.147096921654393364e-01 1.314425927159785124e+00
1.361244278677032904e-01 1.899184959262427697e-01 6.815115507105167225e-01
5.070936213629948508e-01 8.151840969923447311e-01 2.572251842372536235e+00
4.659745595556220588e-01 9.428226134576906947e-01 3.071537444706702757e+00
9.429245506623894491e-01 6.629318320075742177e-01 2.498955264337161974e+00
1.802342851054937745e-01 3.490106428957023832e-01 9.240467110042074328e-01
8.098958385965702167e-01 1.226346777314701875e-02 -3.309643649656411890e-01
5.417547087050482713e-01 6.658204838297733241e-01 1.509700168401965970e+00
9.456770645166309164e-01 3.030826325980775504e-01 1.073362218932768508e+00
4.844072092975458821e-01 7.530251506190279720e-01 2.253037890330522153e+00
1.874829847214434242e-01 1.996541089309411543e-02 -3.827100215589169796e-01
5.894178411794452899e-01 4.522767998056613781e-01 9.605762030309467070e-01
7.873570305224111276e-01 6.561221564940420414e-01 2.147138860156095674e+00
1.426527504041810168e-01 9.867494222735424536e-01 3.020454741531790166e+00
9.391927900435999010e-01 6.852766761662199002e-01 2.251124587022512724e+00
2.368729390231125720e-01 8.279672581331573022e-01 2.296374797803339085e+00
7.486337179086945959e-01 6.735218106509133218e-02 -4.227848779936776991e-02
8.866159120116020587e-01 2.321480186461521988e-02 4.525468707059353557e-01
8.845205620098687271e-01 8.477203631758970515e-01 2.299410628329696671e+00
1.569325367885284761e-01 5.465081367442979898e-01 9.567354628390964955e-01
4.175773650674116100e-01 7.437289433230617197e-01 2.075641144696740881e+00
6.766508167025210296e-01 1.401104088860956054e-01 8.133522740106857718e-02
2.437293122123680433e-01 1.741358823378642562e-01 9.869212503030849737e-02
5.354261087357714555e-02 5.238690518893841519e-01 1.827060912740871679e+00
8.985079867885620297e-01 4.541127439489960338e-01 1.284689462189573028e+00
9.859180124719979510e-02 2.425293585860593959e-01 1.794219286375581479e+00
3.104681315904065375e-01 4.366134028470973760e-01 9.124668454612738788e-01
2.914313030904192026e-02 3.635290659195751228e-01 6.599022168391472931e-01
3.850158813867096130e-01 1.568035139584514903e-01 4.341784148718722536e-01
9.497671415857267263e-02 8.881066740374826685e-01 1.856075846989231337e+00
4.979692524704951717e-01 3.101180946379102910e-01 1.361135155764561899e+00
6.715576315226775561e-01 6.363144202920870685e-01 1.740954301332964027e+00
2.471059521149722160e-01 9.509378395509832105e-01 3.021130562435957678e+00
5.031370421739999044e-01 3.645016208974644067e-01 1.768883080217330317e+00
9.759302242105675207e-01 1.773781471130541076e-01 9.632829436705716564e-01
9.453444859710471437e-01 9.036040116608030637e-01 2.750251783594621191e+00
4.426946929417193699e-01 8.918920263333366405e-01 2.828866422749941378e+00
9.111891321942485744e-01 3.253675627557718331e-01 1.231973602741280427e+00
4.970636523091295222e-01 3.228304762823941410e-02 5.036444899974941158e-01
3.193557603678188750e-01 3.889202362317200068e-01 1.004191383201526344e+00
3.485843550016007875e-01 8.262768964751382450e-01 2.565665132595759346e+00
5.833289580151596043e-01 1.596871640559106575e-01 7.812570651796820753e-01
4.402007532660496825e-01 5.064557025928083656e-01 1.774856594303265922e+00
5.628722233494043437e-01 9.995482018959611636e-03 -2.601902637070271918e-01
2.950397190587025209e-01 1.288467888888046309e-01 7.000016542288067800e-01
4.125472898302278146e-01 5.288952843785157398e-01 1.681793552162739180e+00
8.269697309788622830e-01 2.497309294178413630e-01 9.397450583987179140e-01
5.574931907283097177e-01 3.858638212528101574e-01 1.180284844401800814e+00
2.215280295953003797e-01 6.958626403994585541e-01 1.731253414679733815e+00
7.510261583555487563e-01 1.788188634455023518e-01 1.299925429501493923e+00
2.635068227062731250e-01 5.956180221311812018e-01 1.595594858207789235e+00
5.746838584203813882e-01 6.007903034197219494e-01 2.482844353550380578e+00
5.740375370137625888e-01 3.261523485439853376e-01 7.240137689199145354e-01
8.724587612099971023e-01 8.990685917081793210e-01 1.735138035221868380e+00
5.785830373398077597e-01 6.128477676944743546e-01 1.987830964497920849e+00
3.085802115660345457e-01 5.502498020075829999e-01 1.973949401517510527e+00
5.162006561767278345e-01 3.647541951345616429e-01 7.132521642174485255e-01
8.616414380258615724e-01 3.072826265633465948e-01 1.136706872178240069e+00
3.367459218196163784e-01 7.189389091626905426e-01 2.520265143634899729e+00
9.396466651065726872e-02 6.951274172570279797e-01 1.824043186306287589e+00
1.065124086653937985e-01 5.595047494642528818e-01 1.298440379292570501e+00
1.381754126276079075e-01 2.549005463370730418e-01 1.155870242740047127e+00
1.253495284869140525e-01 9.311165344688681067e-01 3.488381325091368446e+00
9.178938763431406800e-01 5.723086887159402059e-01 2.382892900012446802e+00
7.714372705401217889e-01 5.399780067964872199e-01 1.248773051140989132e+00
5.804936310782647935e-01 1.589546100553630437e-01 9.328016607099975932e-02
4.427299235563127988e-01 7.233402821966863350e-01 2.006316910364275508e+00
9.348250418258826633e-01 9.206452652236770673e-01 2.723270530799336786e+00
3.916080401109484077e-01 6.031447716605714549e-01 2.610184334768270720e+00
9.743011306032670626e-01 5.991816078526247535e-01 1.947173168675800481e+00
9.688051256697772784e-01 2.367515763185765731e-01 1.165564742156855793e+00
7.373234204899167255e-01 7.897627365541004529e-02 -4.823097352893258027e-01
6.319097362953710606e-01 7.778166682524637610e-01 3.200794474196090977e+00
8.796209364071548853e-01 3.472706073402113125e-01 1.250685385265472238e+00
9.980931791489400240e-03 5.344631825592538465e-01 2.151465895779983484e+00
1.037284470534557412e-01 6.808117120647625420e-01 2.051178607733819437e+00
7.160352138637519070e-01 5.160321394322857635e-01 2.134852334773936100e+00
4.220681228603470059e-01 2.297364297620837492e-01 6.227097790945155253e-01
